-0.965761 0.518968 -0.339405 -2.568584 3.552556 4.422445
-0.047014 -0.003921 0.025323 -2.389392 3.351995 4.097593
-0.016375 -0.045886 0.041540 -2.345444 3.131908 3.824137
-0.019714 -0.074000 0.023482 -2.310715 2.919077 3.555372
0.026827 -0.082465 0.043146 -2.273834 2.701095 3.277692
0.039448 -0.093729 -0.000377 -2.239463 2.490808 3.007332
0.018574 -0.063348 0.023293 -2.202332 2.273906 2.726539
-0.008141 -0.084138 0.049763 -2.163560 2.055832 2.453870
0.000940 -0.025693 0.036690 -2.125401 1.841233 2.168893
0.033492 -0.050791 -0.005577 -2.090284 1.626993 1.903374
0.082312 -0.062854 -0.033919 -2.058209 1.406785 1.630631
0.081646 -0.089203 -0.051981 -2.023560 1.186008 1.356870
0.030100 -0.038827 -0.031759 -1.980045 0.968011 1.073489
0.082473 -0.050284 -0.035746 -1.943778 0.750705 0.801970
0.070683 -0.079618 -0.065327 -1.910635 0.527353 0.531565
0.053194 -0.056180 0.004367 -1.868134 0.306921 0.250501
0.035727 -0.089821 0.001367 -1.830512 0.087063 -0.022897
0.042144 -0.071760 -0.017696 -1.794480 -0.137709 -0.302058
0.019173 -0.071785 -0.028519 -1.757591 -0.360906 -0.578305
0.023050 -0.039401 -0.014931 -1.713766 -0.579674 -0.861350
0.020759 -0.057084 -0.004766 -1.678331 -0.801722 -1.134188
0.004780 -0.064206 -0.053010 -1.640376 -1.023800 -1.414493
-0.011750 -0.019546 -0.043795 -1.598971 -1.247431 -1.697399
-0.006849 -0.043461 0.004066 -1.561990 -1.472304 -1.972348
0.061708 -0.054005 -0.040942 -1.524771 -1.695031 -2.247628
0.009655 -0.028314 -0.020381 -1.485162 -1.917986 -2.532299
0.014665 -0.063705 -0.066117 -1.451069 -2.140392 -2.806687
0.069845 -0.043480 -0.018630 -1.408169 -2.366412 -3.088459
0.017394 -0.024720 -0.000999 -1.371207 -2.592592 -3.371240
0.038843 -0.017003 -0.042969 -1.333995 -2.815676 -3.644205
0.061846 -0.062755 -0.049034 -1.298784 -3.038410 -3.917491
0.041343 -0.155438 0.249780 -1.247384 -3.250136 -4.178163
3.009374 -0.592761 -1.799856 -0.565483 -3.231480 -4.143333
-3.049541 0.018440 -1.867909 -0.598845 -3.010192 -3.835113
-3.052313 0.024632 -1.830116 -0.645340 -2.792217 -3.548378
-3.073336 0.097102 -1.818175 -0.688858 -2.575480 -3.271024
-3.091067 0.010468 -1.812635 -0.723489 -2.344763 -2.988148
-3.099592 -0.035886 -1.823101 -0.766448 -2.118739 -2.712159
-3.069132 0.106451 -1.802256 -0.807061 -1.903011 -2.434980
-3.054932 0.010570 -1.855067 -0.833872 -1.673982 -2.161476
-3.096348 0.079761 -1.784933 -0.877139 -1.445239 -1.882328
-3.109804 0.018106 -1.802862 -0.916376 -1.214269 -1.608196
-3.095377 0.001307 -1.776324 -0.951042 -0.988718 -1.328608
-3.087467 -0.087747 -1.875135 -0.980043 -0.764806 -1.050729
3.130609 -0.040741 -1.838272 -1.028915 -0.534567 -0.765681
-3.147007 -0.006356 -1.827886 -1.064361 -0.317832 -0.483239
3.130571 -0.030274 -1.824965 -1.103709 -0.085280 -0.202639
-3.109673 0.038192 -1.803659 -1.139160 0.134479 0.077304
-3.118323 -0.026799 -1.822893 -1.176364 0.361265 0.359704
-3.090690 -0.010614 -1.823184 -1.212299 0.585071 0.636485
-3.133956 -0.073751 -1.784720 -1.252484 0.815282 0.918106
3.125681 -0.104693 -1.840516 -1.292571 1.043138 1.198005
-3.091901 0.021235 -1.812259 -1.328978 1.254001 1.480298
-3.105167 -0.013089 -1.812196 -1.364299 1.484427 1.762267
-3.132065 -0.067074 -1.822540 -1.399073 1.716390 2.039613
-3.146444 -0.036466 -1.830163 -1.437764 1.937998 2.319092
-3.110901 -0.070776 -1.837728 -1.474052 2.156929 2.602234
-3.119349 0.000698 -1.817188 -1.514157 2.376001 2.888311
-3.107206 0.019479 -1.810974 -1.550330 2.603062 3.168300
-3.114375 0.019515 -1.809537 -1.588872 2.827954 3.445823
-3.109645 0.018666 -1.820073 -1.627349 3.050730 3.727319
3.110240 -0.016149 -1.815185 -1.669193 3.291535 4.012241
3.119705 -0.035565 -1.783241 -1.707415 3.514790 4.299375
0.451925 -0.224563 -0.244000 -0.973904 3.669400 4.652318
-0.061398 -0.026005 -0.009309 -0.894418 3.452783 4.295366
-0.041318 -0.020601 0.035144 -0.859678 3.224864 4.011279
-0.008615 -0.049750 0.029714 -0.826667 3.006765 3.736929
-0.036553 0.006892 0.015470 -0.791233 2.785911 3.450286
-0.028815 -0.003746 0.021858 -0.759817 2.565145 3.168545
-0.051819 0.003505 0.013585 -0.724646 2.343368 2.890365
0.010680 0.009340 -0.006003 -0.689744 2.123818 2.609634
-0.010770 0.008115 -0.017427 -0.655390 1.899270 2.329039
-0.021856 0.016880 -0.018626 -0.615890 1.676732 2.048304
0.056127 -0.021043 -0.013905 -0.580745 1.448333 1.775487
0.058179 -0.035144 -0.019978 -0.547200 1.226269 1.503628
0.054500 -0.030937 -0.013845 -0.513123 1.006733 1.228828
0.046315 -0.032589 -0.024558 -0.474778 0.781940 0.944617
-0.019192 -0.015498 0.033190 -0.436237 0.560784 0.663118
0.014124 -0.076501 0.006012 -0.402518 0.338487 0.385446
0.025500 -0.049696 0.004810 -0.360746 0.112152 0.105083
0.021178 -0.028202 0.011608 -0.328129 -0.110659 -0.169846
0.002508 -0.010537 0.005103 -0.290777 -0.335813 -0.455044
0.041941 0.005471 0.003159 -0.251751 -0.557507 -0.732912
0.029267 -0.030131 -0.005072 -0.216090 -0.782333 -1.010883
0.044410 -0.010736 -0.017575 -0.178069 -1.005984 -1.290321
0.045688 -0.004326 -0.050242 -0.145016 -1.229182 -1.565985
0.013620 -0.001513 -0.033936 -0.105735 -1.459817 -1.849689
0.041824 0.000416 -0.045142 -0.069145 -1.681087 -2.126014
0.017619 0.008032 -0.028048 -0.030064 -1.909668 -2.412484
-0.003523 -0.007038 -0.039558 0.007210 -2.132473 -2.688843
0.013863 -0.002612 -0.014406 0.045719 -2.356076 -2.967522
0.042007 -0.019533 -0.042968 0.080681 -2.581428 -3.236319
0.030708 -0.030245 -0.038544 0.117637 -2.810437 -3.512907
0.026740 -0.018122 -0.034413 0.157359 -3.040760 -3.795858
0.060896 -0.000164 -0.058862 0.197830 -3.262355 -4.071846
0.006151 -0.000229 0.002104 0.236868 -3.490306 -4.356809
-0.082292 -0.047179 0.276395 0.271336 -3.700458 -4.611266
3.016188 -0.603034 -1.799656 0.945314 -3.645744 -4.515028
-3.062040 0.025399 -1.812953 0.928867 -3.420684 -4.214052
-3.046400 0.107806 -1.805623 0.885454 -3.206096 -3.935397
-3.042699 0.063625 -1.796930 0.844908 -2.983844 -3.665262
-3.069110 0.018247 -1.838125 0.805260 -2.754233 -3.388972
-3.068589 0.039713 -1.820625 0.766832 -2.532578 -3.110773
-3.070128 0.019897 -1.830544 0.726797 -2.306137 -2.832405
-3.087467 0.048308 -1.827844 0.689013 -2.081419 -2.556114
-3.081011 0.016892 -1.826186 0.652178 -1.857182 -2.281250
-3.077256 0.020870 -1.822406 0.613800 -1.632142 -1.999522
-3.116881 -0.062681 -1.804849 0.574298 -1.402289 -1.722684
-3.111044 -0.044441 -1.817679 0.532336 -1.175480 -1.441675
-3.068476 0.014569 -1.818645 0.495526 -0.954452 -1.161279
-3.094831 -0.021889 -1.823983 0.459369 -0.728965 -0.885688
-3.088482 0.004783 -1.826504 0.418175 -0.506047 -0.608534
-3.113606 0.010383 -1.822791 0.378222 -0.281249 -0.328874
-3.093428 0.017935 -1.829132 0.343261 -0.060295 -0.047276
-3.094531 -0.043580 -1.850063 0.304082 0.167392 0.234918
-3.084979 0.008314 -1.814972 0.261647 0.390562 0.514694
-3.067450 -0.017416 -1.818445 0.223584 0.610858 0.789761
-3.115312 -0.077890 -1.826310 0.180665 0.840491 1.073750
-3.087330 -0.014940 -1.832918 0.137007 1.057305 1.350390
-3.053069 0.042598 -1.824681 0.102278 1.273411 1.631522
-3.108663 0.028898 -1.854623 0.059094 1.503502 1.906919
-3.100599 -0.011474 -1.837527 0.020881 1.729766 2.185175
-3.064023 0.069755 -1.804665 -0.017036 1.948155 2.469580
-3.082772 0.069133 -1.805114 -0.058380 2.173387 2.743611
-3.058922 0.077813 -1.818177 -0.094966 2.401398 3.020293
-3.075214 0.060763 -1.813474 -0.134289 2.624795 3.298276
-3.127915 -0.007072 -1.799129 -0.177058 2.857947 3.579493
-3.128460 0.025626 -1.836251 -0.217405 3.080838 3.862197
3.141532 0.019015 -1.806251 -0.257275 3.308428 4.143354
-3.119618 0.026745 -1.720358 -0.279468 3.515883 4.397726
0.460128 -0.190787 -0.168021 0.446790 3.606448 4.632559
-0.029404 -0.023378 -0.042373 0.513857 3.381260 4.288409
-0.057424 -0.024252 0.029557 0.549135 3.150671 4.006222
-0.015939 -0.042542 -0.001866 0.583141 2.934032 3.735252
-0.027125 -0.016618 0.004065 0.621979 2.711576 3.456797
-0.033319 0.011767 -0.003513 0.660578 2.492010 3.168194
-0.046579 0.030454 0.004601 0.699658 2.270219 2.890824
0.009923 -0.000950 -0.003636 0.736672 2.048703 2.616094
0.031015 -0.031335 -0.061274 0.771463 1.828237 2.345535
-0.004814 -0.007562 -0.007068 0.810377 1.608321 2.061298
-0.016457 -0.022319 0.021493 0.849704 1.384590 1.786121
-0.013164 0.014410 -0.012085 0.893415 1.163290 1.504733
0.045294 -0.042648 -0.015231 0.924728 0.936687 1.235760
0.052451 -0.043168 -0.050258 0.961457 0.711803 0.957560
-0.007358 -0.029861 -0.002921 0.999380 0.488267 0.676567
-0.000702 -0.030378 0.007801 1.041286 0.266119 0.398255
-0.003391 -0.003200 -0.006037 1.078154 0.040011 0.116256
0.036048 -0.013535 0.006267 1.118103 -0.184922 -0.167626
0.003277 0.004975 -0.009304 1.155015 -0.405938 -0.445623
0.002820 -0.000139 -0.001391 1.192770 -0.629300 -0.724604
-0.008567 -0.027673 -0.020135 1.229814 -0.856237 -1.002635
0.001218 -0.023892 -0.008018 1.269051 -1.083207 -1.285883
-0.005995 -0.022374 -0.005305 1.308247 -1.307708 -1.562859
0.015105 -0.018485 -0.004201 1.345525 -1.530498 -1.837968
0.044580 -0.026888 -0.023702 1.383262 -1.754123 -2.113576
0.025276 -0.022664 -0.041382 1.420562 -1.980673 -2.393698
0.048714 -0.030979 -0.024459 1.457011 -2.209609 -2.668010
0.005751 -0.007213 -0.026815 1.495552 -2.435519 -2.954158
-0.036495 0.013873 -0.003140 1.537283 -2.660129 -3.236236
-0.007549 -0.018842 -0.025968 1.574635 -2.883615 -3.512479
-0.048620 -0.017861 -0.006057 1.611491 -3.109691 -3.797529
0.004254 -0.005593 -0.052457 1.649678 -3.337005 -4.072278
-0.000601 0.031266 0.074627 1.657870 -3.576790 -4.330895
0.568025 -0.868915 -0.182030 1.749620 -3.726298 -4.554753
3.025132 -0.567579 -1.815558 2.372751 -3.665227 -4.394458
-3.069513 0.092194 -1.790907 2.351356 -3.433166 -4.107660
-3.065596 0.093714 -1.794166 2.304835 -3.209291 -3.828717
-3.061713 0.109404 -1.802525 2.265192 -2.987425 -3.552119
-3.063539 0.088434 -1.795252 2.228646 -2.764920 -3.276124
-3.097694 0.019898 -1.792895 2.187791 -2.532538 -2.998307
-3.072959 0.040835 -1.794802 2.153907 -2.314553 -2.721650
-3.102437 -0.037226 -1.791819 2.113273 -2.085576 -2.443958
-3.094330 0.025111 -1.828293 2.073198 -1.861619 -2.163262
-3.087372 0.052540 -1.818994 2.037674 -1.639046 -1.886942
-3.080295 0.023941 -1.810679 2.000708 -1.414978 -1.610993
-3.082244 0.048866 -1.813081 1.960592 -1.187877 -1.329356
-3.092954 0.002997 -1.822421 1.923984 -0.961579 -1.047126
-3.088853 -0.000692 -1.805972 1.883665 -0.736497 -0.769472
-3.080794 0.039799 -1.834121 1.846838 -0.518746 -0.497225
-3.100491 0.020528 -1.825726 1.808351 -0.289536 -0.214887
-3.081395 0.045209 -1.817338 1.767792 -0.068308 0.060679
-3.060401 0.082522 -1.811309 1.732230 0.154616 0.337424
-3.104769 -0.009529 -1.833452 1.690224 0.388803 0.614114
-3.113361 0.030301 -1.821176 1.648760 0.613532 0.888565
-3.104911 0.028227 -1.848423 1.611593 0.835564 1.168996
-3.097288 -0.002254 -1.794952 1.569961 1.059211 1.446061
-3.073625 -0.001896 -1.839322 1.536217 1.281315 1.728161
-3.079691 0.007499 -1.821147 1.495220 1.510598 2.007330
-3.109077 -0.024985 -1.853297 1.455575 1.733814 2.284161
-3.084859 0.002393 -1.865118 1.419019 1.954527 2.564854
-3.088885 -0.009154 -1.869980 1.382089 2.179179 2.845826
-3.075518 0.001598 -1.846922 1.344124 2.400567 3.123645
-3.109682 -0.114791 -1.868120 1.302352 2.627487 3.403723
-3.081055 0.052210 -1.852098 1.261964 2.841828 3.689797
-3.078625 -0.005632 -1.870047 1.225791 3.066950 3.967709
-3.110702 0.064525 -1.819470 1.185031 3.294064 4.243258
-3.085076 0.108713 -1.691694 1.107872 3.567806 4.550101
