-0.00149156  -0.031452  -0.0230553  0.292559  -0.230608  0.0201545
0.0468315  -0.047101  -0.016463  0.266477  -1.16563  0.017413
0.0475629  -0.0487126  -0.00573801  0.306751  -2.80121  -0.059777
0.0467471  -0.0521804  -0.00943262  0.394343  -4.22391  -0.13068
0.0511113  -0.0505471  -0.00653944  0.418627  -5.7802  -0.207289
0.0527026  -0.0535979  -0.0089634  0.451023  -7.46177  -0.282956
0.0564039  -0.0589502  -0.0115853  0.515907  -8.97792  -0.351119
0.0659762  -0.0510525  -0.0110222  0.490505  -10.5157  -0.44776
0.0629001  -0.0593491  -0.0122974  0.504624  -12.075  -0.532194
0.0634592  -0.0546598  -0.0134226  0.600068  -13.6652  -0.603376
-3.1237  0.122814  -0.107071  4.56951  -12.5936  -0.114933
-3.12689  0.122535  -0.11002  4.52857  -11.0915  -0.0657339
-3.11942  0.12931  -0.107041  4.50925  -9.57591  0.0281039
-3.11931  0.127191  -0.105285  4.55292  -7.9583  0.106516
-3.12062  0.116588  -0.113646  4.37109  -6.37779  0.195915
-3.1231  0.118843  -0.109095  4.45408  -4.87763  0.262125
-3.11917  0.132081  -0.101987  4.47315  -3.35523  0.338786
-3.10729  0.126638  -0.102675  4.4346  -1.72599  0.439466
-3.11285  0.1236  -0.106565  4.36541  -0.318933  0.524704
3.12971  0.118127  -0.106409  4.43891  0.57542  0.531333
-0.112613  -0.0558683  0.00147836  8.56135  -0.444423  0.968334
-0.122305  -0.0511972  0.000531343  8.64094  -1.29461  0.917891
-0.129749  -0.0419284  0.0010645  8.60361  -2.80755  0.855094
-0.132144  -0.0447602  0.00165603  8.64323  -4.42252  0.772894
-0.135189  -0.0411164  0.00305096  8.65003  -5.89545  0.698931
-0.136089  -0.0341215  0.00858658  8.64607  -7.58344  0.637896
-0.139902  -0.0318424  0.0120736  8.58486  -9.29067  0.508063
-0.141914  -0.0410345  0.00901198  8.72213  -10.6679  0.449902
-0.141194  -0.0423578  0.00331392  8.7146  -12.1697  0.373804
-0.135651  -0.0453956  0.00192366  8.73853  -13.7981  0.295067
-3.12405  0.124569  -0.108312  12.5221  -12.6618  0.783131
-3.11877  0.112289  -0.111038  12.5053  -11.23  0.843241
-3.13896  0.122774  -0.110693  12.4507  -9.59817  0.975922
-3.14068  0.122614  -0.105878  12.5565  -8.06816  1.02982
-3.13818  0.122573  -0.109897  12.3947  -6.4885  1.13077
-3.13911  0.119391  -0.108515  12.4633  -4.97626  1.22119
-3.13471  0.126994  -0.102973  12.4344  -3.5473  1.28557
-3.13288  0.114578  -0.112177  12.3886  -1.83563  1.35469
-3.13088  0.126052  -0.104153  12.4096  -0.465697  1.43795
-3.13329  0.115221  -0.108536  12.3974  0.310368  1.44347
